-3.02571946181430
-2.87933561770791
-2.73295177360152
-2.58656792949514
-2.44018408538875
-2.29380024128236
-2.14741639717598
-2.00103255306959
-1.85464870896320
-1.70826486485682
-1.56188102075043
-1.41549717664405
-1.26911333253766
-1.12272948843127
-0.976345644324886
-0.829961800218499
-0.683577956112113
-0.537194112005726
-0.390810267899340
-0.244426423792953
-0.0980425796865670
0.0483412644198194
0.194725108526206
0.341108952632592
0.487492796738979
0.633876640845365
0.780260484951752
0.926644329058138
1.07302817316452
1.21941201727091
1.36579586137730
1.51217970548368
1.65856354959007
1.80494739369646
1.95133123780284
2.09771508190923
2.24409892601562
2.39048277012200
2.53686661422839
2.68325045833478
2.82963430244116