4.23564525161777e-11
1.07985344001220e-10
2.68252735872612e-10
6.49341718066963e-10
1.53167584347611e-09
3.52074938135249e-09
7.88636812615340e-09
1.72134085767340e-08
3.66041554457228e-08
7.58067401038486e-08
1.52792627555983e-07
2.99377356046668e-07
5.69251083498788e-07
1.04786003743839e-06
1.86146939867472e-06
3.17928338765338e-06
5.19870155661195e-06
8.10265031746143e-06
1.19840629116251e-05
1.67492151339326e-05
2.20353105433472e-05
2.71948794077772e-05
3.13912447376279e-05
3.38058628216674e-05
3.38947186202632e-05
3.15857555622092e-05
2.73200762086345e-05
2.19102631975896e-05
1.62797398452676e-05
1.12006316646739e-05
7.13320201800829e-06
4.20442994901076e-06
2.29360623276524e-06
1.15823793958705e-06
5.41610551511828e-07
2.34634332192817e-07
9.42266632767849e-08
3.51035254944249e-08
1.21419578881157e-08
3.90299343065426e-09
1.16714346936220e-09