1.61885420102015e-25
4.81931643509487e-24
1.27366335098086e-22
2.98849955704441e-21
6.22616777628312e-20
1.15185138997760e-18
1.89239528224433e-17
2.76107938032072e-16
3.57739389703833e-15
4.11496364394375e-14
4.19989469657675e-13
3.79976972725256e-12
3.04263303720351e-11
2.15157584559615e-10
1.33977080634895e-09
7.32106330516342e-09
3.49721573045980e-08
1.45461292145397e-07
5.24770050365820e-07
1.63626258874802e-06
4.39631133981564e-06
1.01541573216133e-05
2.01283185448209e-05
3.42152508831285e-05
4.98777881962842e-05
6.24202150120475e-05
6.72070937362678e-05
6.24707836242235e-05
5.03796324308708e-05
3.54828389489513e-05
2.20092379671964e-05
1.21444209953437e-05
6.02874472958421e-06
2.72401354104160e-06
1.13250765353841e-06
4.37146388944055e-07
1.57682625876123e-07
5.33651280788597e-08
1.69808543360542e-08
5.08480387394912e-09
1.43321592034055e-09